00010100110100   00110   00000,0100 miss eviction 
00010100110100   01010   00000,0100 miss 
00010100110100   01110   00000,0100 miss 
00010100110100   10010   00000,0100 miss 
00010100110100   10110   00000,0100 miss 
00010100110100   11010   00000,0100 miss 
00010100110100   11110   00000,0100 miss 
00010100110101   00010   00000,0100 miss


00010100110100   00110   00100,0100 miss eviction 
00010100110100   01010   00100,0100 miss eviction 
00010100110100   01110   00100,0100 hit 
00010100110100   10010   00100,0100 hit 
00010100110100   10110   00100,0100 hit 
00010100110100   11010   00100,0100 hit 
00010100110100   11110   00100,0100 hit 
00010100110101   00010   00100,0100 hit


00010100110100   00110   01000,0100 hit 
00010100110100   01010   01000,0100 miss eviction 
00010100110100   01110   01000,0100 miss eviction 
00010100110100   10010   01000,0100 hit 
00010100110100   10110   01000,0100 hit 
00010100110100   11010   01000,0100 hit 
00010100110100   11110   01000,0100 hit 
00010100110101   00010   01000,0100 hit 


00010100110100   00110   01100,0100 hit 
00010100110100   01010   01100,0100 hit 
00010100110100   01110   01100,0100 miss eviction 
00010100110100   10010   01100,0100 miss eviction 
00010100110100   10110   01100,0100 hit 
00010100110100   11010   01100,0100 hit 
00010100110100   11110   01100,0100 hit 
00010100110101   00010   01100,0100 hit 


00010100110100   00110   10000,0100 hit 
00010100110100   01010   10000,0100 hit 
00010100110100   01110   10000,0100 hit 
00010100110100   10010   10000,0100 miss eviction 
00010100110100   10110   10000,0100 miss eviction 
00010100110100   11010   10000,0100 hit 
00010100110100   11110   10000,0100 hit 
00010100110101   00010   10000,0100 hit 


00010100110100   00110   10100,0100 hit 
00010100110100   01010   10100,0100 hit 
00010100110100   01110   10100,0100 hit 
00010100110100   10010   10100,0100 hit 
00010100110100   10110   10100,0100 miss eviction 
00010100110100   11010   10100,0100 miss eviction 
00010100110100   11110   10100,0100 hit 
00010100110101   00010   10100,0100 hit 


00010100110100   00110   11000,0100 hit 
00010100110100   01010   11000,0100 hit 
00010100110100   01110   11000,0100 hit 
00010100110100   10010   11000,0100 hit 
00010100110100   10110   11000,0100 hit 
00010100110100   11010   11000,0100 miss eviction 
00010100110100   11110   11000,0100 miss eviction 
00010100110101   00010   11000,0100 hit 


00010100110100   00110   11100,0100 hit 
00010100110100   01010   11100,0100 hit 
00010100110100   01110   11100,0100 hit 
00010100110100   10010   11100,0100 hit 
00010100110100   10110   11100,0100 hit 
00010100110100   11010   11100,0100 hit 
00010100110100   11110   11100,0100 miss eviction 
00010100110101   00010   11100,0100 miss eviction 


00010100110101   00110   00000,0100 miss eviction 
00010100110101   01010   00000,0100 miss eviction 
00010100110101   01110   00000,0100 miss eviction 
00010100110101   10010   00000,0100 miss eviction 
00010100110101   10110   00000,0100 miss eviction 
00010100110101   11010   00000,0100 miss eviction 
00010100110101   11110   00000,0100 miss eviction 
00010100110110   00010   00000,0100 miss eviction 


00010100110101   00110   00100,0100 hit 
00010100110101   01010   00100,0100 hit 
00010100110101   01110   00100,0100 hit 
00010100110101   10010   00100,0100 hit 
00010100110101   10110   00100,0100 hit 
00010100110101   11010   00100,0100 hit 
00010100110101   11110   00100,0100 hit 
00010100110110   00010   00100,0100 hit 


00010100110101   00110   01000,0100 hit 
00010100110101   01010   01000,0100 hit 
00010100110101   01110   01000,0100 hit 
00010100110101   10010   01000,0100 hit 
00010100110101   10110   01000,0100 hit 
00010100110101   11010   01000,0100 hit 
00010100110101   11110   01000,0100 hit 
00010100110110   00010   01000,0100 hit 


00010100110101   00110   01100,0100 hit 
00010100110101   01010   01100,0100 hit 
00010100110101   01110   01100,0100 hit 
00010100110101   10010   01100,0100 hit 
00010100110101   10110   01100,0100 hit 
00010100110101   11010   01100,0100 hit 
00010100110101   11110   01100,0100 hit 
00010100110110   00010   01100,0100 hit 


00010100110101   00110   10000,0100 hit 
00010100110101   01010   10000,0100 hit 
00010100110101   01110   10000,0100 hit 
00010100110101   10010   10000,0100 hit 
00010100110101   10110   10000,0100 hit 
00010100110101   11010   10000,0100 hit 
00010100110101   11110   10000,0100 hit 
00010100110110   00010   10000,0100 hit 


00010100110101   00110   10100,0100 hit 
00010100110101   01010   10100,0100 hit 
00010100110101   01110   10100,0100 hit 
00010100110101   10010   10100,0100 hit 
00010100110101   10110   10100,0100 hit 
00010100110101   11010   10100,0100 hit 
00010100110101   11110   10100,0100 hit 
00010100110110   00010   10100,0100 hit 


00010100110101   00110   11000,0100 hit 
00010100110101   01010   11000,0100 hit 
00010100110101   01110   11000,0100 hit 
00010100110101   10010   11000,0100 hit 
00010100110101   10110   11000,0100 hit 
00010100110101   11010   11000,0100 hit 
00010100110101   11110   11000,0100 hit 
00010100110110   00010   11000,0100 hit 
00010100110101   00110   11100,0100 hit 
00010100110101   01010   11100,0100 hit 
00010100110101   01110   11100,0100 hit 
00010100110101   10010   11100,0100 hit 
00010100110101   10110   11100,0100 hit 
00010100110101   11010   11100,0100 hit 
00010100110101   11110   11100,0100 hit 
00010100110110   00010   11100,0100 hit 
00010100110110   00110   00000,0100 miss eviction 
00010100110110   01010   00000,0100 miss eviction 
00010100110110   01110   00000,0100 miss eviction 
00010100110110   10010   00000,0100 miss eviction 
00010100110110   10110   00000,0100 miss eviction 
00010100110110   11010   00000,0100 miss eviction 
00010100110110   11110   00000,0100 miss eviction 
00010100110111   00010   00000,0100 miss eviction 
00010100110110   00110   00100,0100 hit 
00010100110110   01010   00100,0100 hit 
00010100110110   01110   00100,0100 hit 
00010100110110   10010   00100,0100 hit 
00010100110110   10110   00100,0100 hit 
00010100110110   11010   00100,0100 hit 
00010100110110   11110   00100,0100 hit 
00010100110111   00010   00100,0100 hit 
00010100110110   00110   01000,0100 hit 
00010100110110   01010   01000,0100 hit 
00010100110110   01110   01000,0100 hit 
00010100110110   10010   01000,0100 hit 
00010100110110   10110   01000,0100 hit 
00010100110110   11010   01000,0100 hit 
00010100110110   11110   01000,0100 hit 
00010100110111   00010   01000,0100 hit 
00010100110110   00110   01100,0100 hit 
00010100110110   01010   01100,0100 hit 
00010100110110   01110   01100,0100 hit 
00010100110110   10010   01100,0100 hit 
00010100110110   10110   01100,0100 hit 
00010100110110   11010   01100,0100 hit 
00010100110110   11110   01100,0100 hit 
00010100110111   00010   01100,0100 hit 
00010100110110   00110   10000,0100 hit 
00010100110110   01010   10000,0100 hit 
00010100110110   01110   10000,0100 hit 
00010100110110   10010   10000,0100 hit 
00010100110110   10110   10000,0100 hit 
00010100110110   11010   10000,0100 hit 
00010100110110   11110   10000,0100 hit 
00010100110111   00010   10000,0100 hit 
00010100110110   00110   10100,0100 hit 
00010100110110   01010   10100,0100 hit 
00010100110110   01110   10100,0100 hit 
00010100110110   10010   10100,0100 hit 
00010100110110   10110   10100,0100 hit 
00010100110110   11010   10100,0100 hit 
00010100110110   11110   10100,0100 hit 
00010100110111   00010   10100,0100 hit 
00010100110110   00110   11000,0100 hit 
00010100110110   01010   11000,0100 hit 
00010100110110   01110   11000,0100 hit 
00010100110110   10010   11000,0100 hit 
00010100110110   10110   11000,0100 hit 
00010100110110   11010   11000,0100 hit 
00010100110110   11110   11000,0100 hit 
00010100110111   00010   11000,0100 hit 
00010100110110   00110   11100,0100 hit 
00010100110110   01010   11100,0100 hit 
00010100110110   01110   11100,0100 hit 
00010100110110   10010   11100,0100 hit 
00010100110110   10110   11100,0100 hit 
00010100110110   11010   11100,0100 hit 
00010100110110   11110   11100,0100 hit 
00010100110111   00010   11100,0100 hit 
00010100110111   00110   00000,0100 miss eviction 
00010100110111   01010   00000,0100 miss eviction 
00010100110111   01110   00000,0100 miss eviction 
00010100110111   10010   00000,0100 miss eviction 
00010100110111   10110   00000,0100 miss eviction 
00010100110111   11010   00000,0100 miss eviction 
00010100110111   11110   00000,0100 miss eviction 
00010100111000   00010   00000,0100 miss eviction 
00010100110111   00110   00100,0100 hit 
00010100110111   01010   00100,0100 hit 
00010100110111   01110   00100,0100 hit 
00010100110111   10010   00100,0100 hit 
00010100110111   10110   00100,0100 hit 
00010100110111   11010   00100,0100 hit 
00010100110111   11110   00100,0100 hit 
00010100111000   00010   00100,0100 hit 
00010100110111   00110   01000,0100 hit 
00010100110111   01010   01000,0100 hit 
00010100110111   01110   01000,0100 hit 
00010100110111   10010   01000,0100 hit 
00010100110111   10110   01000,0100 hit 
00010100110111   11010   01000,0100 hit 
00010100110111   11110   01000,0100 hit 
00010100111000   00010   01000,0100 hit 
00010100110111   00110   01100,0100 hit 
00010100110111   01010   01100,0100 hit 
00010100110111   01110   01100,0100 hit 
00010100110111   10010   01100,0100 hit 
00010100110111   10110   01100,0100 hit 
00010100110111   11010   01100,0100 hit 
00010100110111   11110   01100,0100 hit 
00010100111000   00010   01100,0100 hit 
00010100110111   00110   10000,0100 hit 
00010100110111   01010   10000,0100 hit 
00010100110111   01110   10000,0100 hit 
00010100110111   10010   10000,0100 hit 
00010100110111   10110   10000,0100 hit 
00010100110111   11010   10000,0100 hit 
00010100110111   11110   10000,0100 hit 
00010100111000   00010   10000,0100 hit 
00010100110111   00110   10100,0100 hit 
00010100110111   01010   10100,0100 hit 
00010100110111   01110   10100,0100 hit 
00010100110111   10010   10100,0100 hit 
00010100110111   10110   10100,0100 hit 
00010100110111   11010   10100,0100 hit 
00010100110111   11110   10100,0100 hit 
00010100111000   00010   10100,0100 hit 
00010100110111   00110   11000,0100 hit 
00010100110111   01010   11000,0100 hit 
00010100110111   01110   11000,0100 hit 
00010100110111   10010   11000,0100 hit 
00010100110111   10110   11000,0100 hit 
00010100110111   11010   11000,0100 hit 
00010100110111   11110   11000,0100 hit 
00010100111000   00010   11000,0100 hit 
00010100110111   00110   11100,0100 hit 
00010100110111   01010   11100,0100 hit 
00010100110111   01110   11100,0100 hit 
00010100110111   10010   11100,0100 hit 
00010100110111   10110   11100,0100 hit 
00010100110111   11010   11100,0100 hit 
00010100110111   11110   11100,0100 hit 
00010100111000   00010   11100,0100 hit 
00010100110100   00111   00000,0100 miss eviction 
00010100110100   01011   00000,0100 miss eviction 
00010100110100   01111   00000,0100 miss eviction 
00010100110100   10011   00000,0100 miss eviction 
00010100110100   10111   00000,0100 miss eviction 
00010100110100   11011   00000,0100 miss eviction 
00010100110100   11111   00000,0100 miss eviction 
00010100110101   00011   00000,0100 miss eviction 
00010100110100   00111   00100,0100 hit 
00010100110100   01011   00100,0100 hit 
00010100110100   01111   00100,0100 hit 
00010100110100   10011   00100,0100 hit 
00010100110100   10111   00100,0100 hit 
00010100110100   11011   00100,0100 hit 
00010100110100   11111   00100,0100 hit 
00010100110101   00011   00100,0100 hit 
00010100110100   00111   01000,0100 hit 
00010100110100   01011   01000,0100 hit 
00010100110100   01111   01000,0100 hit 
00010100110100   10011   01000,0100 hit 
00010100110100   10111   01000,0100 hit 
00010100110100   11011   01000,0100 hit 
00010100110100   11111   01000,0100 hit 
00010100110101   00011   01000,0100 hit 
00010100110100   00111   01100,0100 hit 
00010100110100   01011   01100,0100 hit 
00010100110100   01111   01100,0100 hit 
00010100110100   10011   01100,0100 hit 
00010100110100   10111   01100,0100 hit 
00010100110100   11011   01100,0100 hit 
00010100110100   11111   01100,0100 hit 
00010100110101   00011   01100,0100 hit 
00010100110100   00111   10000,0100 hit 
00010100110100   01011   10000,0100 hit 
00010100110100   01111   10000,0100 hit 
00010100110100   10011   10000,0100 hit 
00010100110100   10111   10000,0100 hit 
00010100110100   11011   10000,0100 hit 
00010100110100   11111   10000,0100 hit 
00010100110101   00011   10000,0100 hit 
00010100110100   00111   10100,0100 hit 
00010100110100   01011   10100,0100 hit 
00010100110100   01111   10100,0100 hit 
00010100110100   10011   10100,0100 hit 
00010100110100   10111   10100,0100 hit 
00010100110100   11011   10100,0100 hit 
00010100110100   11111   10100,0100 hit 
00010100110101   00011   10100,0100 hit 
00010100110100   00111   11000,0100 hit 
00010100110100   01011   11000,0100 hit 
00010100110100   01111   11000,0100 hit 
00010100110100   10011   11000,0100 hit 
00010100110100   10111   11000,0100 hit 
00010100110100   11011   11000,0100 hit 
00010100110100   11111   11000,0100 hit 
00010100110101   00011   11000,0100 hit 
00010100110100   00111   11100,0100 hit 
00010100110100   01011   11100,0100 hit 
00010100110100   01111   11100,0100 hit 
00010100110100   10011   11100,0100 hit 
00010100110100   10111   11100,0100 hit 
00010100110100   11011   11100,0100 hit 
00010100110100   11111   11100,0100 hit 
00010100110101   00011   11100,0100 hit 
00010100110101   00111   00000,0100 miss eviction 
00010100110101   01011   00000,0100 miss eviction 
00010100110101   01111   00000,0100 miss eviction 
00010100110101   10011   00000,0100 miss eviction 
00010100110101   10111   00000,0100 miss eviction 
00010100110101   11011   00000,0100 miss eviction 
00010100110101   11111   00000,0100 miss eviction 
00010100110110   00011   00000,0100 miss eviction 
00010100110101   00111   00100,0100 miss eviction 
00010100110101   01011   00100,0100 miss eviction 
00010100110101   01111   00100,0100 hit 
00010100110101   10011   00100,0100 hit 
00010100110101   10111   00100,0100 hit 
00010100110101   11011   00100,0100 hit 
00010100110101   11111   00100,0100 hit 
00010100110110   00011   00100,0100 hit 
00010100110101   00111   01000,0100 hit 
00010100110101   01011   01000,0100 miss eviction 
00010100110101   01111   01000,0100 miss eviction 
00010100110101   10011   01000,0100 hit 
00010100110101   10111   01000,0100 hit 
00010100110101   11011   01000,0100 hit 
00010100110101   11111   01000,0100 hit 
00010100110110   00011   01000,0100 hit 
00010100110101   00111   01100,0100 hit 
00010100110101   01011   01100,0100 hit 
00010100110101   01111   01100,0100 miss eviction 
00010100110101   10011   01100,0100 miss eviction 
00010100110101   10111   01100,0100 hit 
00010100110101   11011   01100,0100 hit 
00010100110101   11111   01100,0100 hit 
00010100110110   00011   01100,0100 hit 
00010100110101   00111   10000,0100 hit 
00010100110101   01011   10000,0100 hit 
00010100110101   01111   10000,0100 hit 
00010100110101   10011   10000,0100 miss eviction 
00010100110101   10111   10000,0100 miss eviction 
00010100110101   11011   10000,0100 hit 
00010100110101   11111   10000,0100 hit 
00010100110110   00011   10000,0100 hit 
00010100110101   00111   10100,0100 hit 
00010100110101   01011   10100,0100 hit 
00010100110101   01111   10100,0100 hit 
00010100110101   10011   10100,0100 hit 
00010100110101   10111   10100,0100 miss eviction 
00010100110101   11011   10100,0100 miss eviction 
00010100110101   11111   10100,0100 hit 
00010100110110   00011   10100,0100 hit 
00010100110101   00111   11000,0100 hit 
00010100110101   01011   11000,0100 hit 
00010100110101   01111   11000,0100 hit 
00010100110101   10011   11000,0100 hit 
00010100110101   10111   11000,0100 hit 
00010100110101   11011   11000,0100 miss eviction 
00010100110101   11111   11000,0100 miss eviction 
00010100110110   00011   11000,0100 hit 
00010100110101   00111   11100,0100 hit 
00010100110101   01011   11100,0100 hit 
00010100110101   01111   11100,0100 hit 
00010100110101   10011   11100,0100 hit 
00010100110101   10111   11100,0100 hit 
00010100110101   11011   11100,0100 hit 
00010100110101   11111   11100,0100 miss eviction 
00010100110110   00011   11100,0100 miss eviction 
00010100110110   00111   00000,0100 miss eviction 
00010100110110   01011   00000,0100 miss eviction 
00010100110110   01111   00000,0100 miss eviction 
00010100110110   10011   00000,0100 miss eviction 
00010100110110   10111   00000,0100 miss eviction 
00010100110110   11011   00000,0100 miss eviction 
00010100110110   11111   00000,0100 miss eviction 
00010100110111   00011   00000,0100 miss eviction 
00010100110110   00111   00100,0100 hit 
00010100110110   01011   00100,0100 hit 
00010100110110   01111   00100,0100 hit 
00010100110110   10011   00100,0100 hit 
00010100110110   10111   00100,0100 hit 
00010100110110   11011   00100,0100 hit 
00010100110110   11111   00100,0100 hit 
00010100110111   00011   00100,0100 hit 
00010100110110   00111   01000,0100 hit 
00010100110110   01011   01000,0100 hit 
00010100110110   01111   01000,0100 hit 
00010100110110   10011   01000,0100 hit 
00010100110110   10111   01000,0100 hit 
00010100110110   11011   01000,0100 hit 
00010100110110   11111   01000,0100 hit 
00010100110111   00011   01000,0100 hit 
00010100110110   00111   01100,0100 hit 
00010100110110   01011   01100,0100 hit 
00010100110110   01111   01100,0100 hit 
00010100110110   10011   01100,0100 hit 
00010100110110   10111   01100,0100 hit 
00010100110110   11011   01100,0100 hit 
00010100110110   11111   01100,0100 hit 
00010100110111   00011   01100,0100 hit 
00010100110110   00111   10000,0100 hit 
00010100110110   01011   10000,0100 hit 
00010100110110   01111   10000,0100 hit 
00010100110110   10011   10000,0100 hit 
00010100110110   10111   10000,0100 hit 
00010100110110   11011   10000,0100 hit 
00010100110110   11111   10000,0100 hit 
00010100110111   00011   10000,0100 hit 
00010100110110   00111   10100,0100 hit 
00010100110110   01011   10100,0100 hit 
00010100110110   01111   10100,0100 hit 
00010100110110   10011   10100,0100 hit 
00010100110110   10111   10100,0100 hit 
00010100110110   11011   10100,0100 hit 
00010100110110   11111   10100,0100 hit 
00010100110111   00011   10100,0100 hit 
00010100110110   00111   11000,0100 hit 
00010100110110   01011   11000,0100 hit 
00010100110110   01111   11000,0100 hit 
00010100110110   10011   11000,0100 hit 
00010100110110   10111   11000,0100 hit 
00010100110110   11011   11000,0100 hit 
00010100110110   11111   11000,0100 hit 
00010100110111   00011   11000,0100 hit 
00010100110110   00111   11100,0100 hit 
00010100110110   01011   11100,0100 hit 
00010100110110   01111   11100,0100 hit 
00010100110110   10011   11100,0100 hit 
00010100110110   10111   11100,0100 hit 
00010100110110   11011   11100,0100 hit 
00010100110110   11111   11100,0100 hit 
00010100110111   00011   11100,0100 hit 
00010100110111   00111   00000,0100 miss eviction 
00010100110111   01011   00000,0100 miss eviction 
00010100110111   01111   00000,0100 miss eviction 
00010100110111   10011   00000,0100 miss eviction 
00010100110111   10111   00000,0100 miss eviction 
00010100110111   11011   00000,0100 miss eviction 
00010100110111   11111   00000,0100 miss eviction 
00010100111000   00011   00000,0100 miss eviction 
00010100110111   00111   00100,0100 hit 
00010100110111   01011   00100,0100 hit 
00010100110111   01111   00100,0100 hit 
00010100110111   10011   00100,0100 hit 
00010100110111   10111   00100,0100 hit 
00010100110111   11011   00100,0100 hit 
00010100110111   11111   00100,0100 hit 
00010100111000   00011   00100,0100 hit 
00010100110111   00111   01000,0100 hit 
00010100110111   01011   01000,0100 hit 
00010100110111   01111   01000,0100 hit 
00010100110111   10011   01000,0100 hit 
00010100110111   10111   01000,0100 hit 
00010100110111   11011   01000,0100 hit 
00010100110111   11111   01000,0100 hit 
00010100111000   00011   01000,0100 hit 
00010100110111   00111   01100,0100 hit 
00010100110111   01011   01100,0100 hit 
00010100110111   01111   01100,0100 hit 
00010100110111   10011   01100,0100 hit 
00010100110111   10111   01100,0100 hit 
00010100110111   11011   01100,0100 hit 
00010100110111   11111   01100,0100 hit 
00010100111000   00011   01100,0100 hit 
00010100110111   00111   10000,0100 hit 
00010100110111   01011   10000,0100 hit 
00010100110111   01111   10000,0100 hit 
00010100110111   10011   10000,0100 hit 
00010100110111   10111   10000,0100 hit 
00010100110111   11011   10000,0100 hit 
00010100110111   11111   10000,0100 hit 
00010100111000   00011   10000,0100 hit 
00010100110111   00111   10100,0100 hit 
00010100110111   01011   10100,0100 hit 
00010100110111   01111   10100,0100 hit 
00010100110111   10011   10100,0100 hit 
00010100110111   10111   10100,0100 hit 
00010100110111   11011   10100,0100 hit 
00010100110111   11111   10100,0100 hit 
00010100111000   00011   10100,0100 hit 
00010100110111   00111   11000,0100 hit 
00010100110111   01011   11000,0100 hit 
00010100110111   01111   11000,0100 hit 
00010100110111   10011   11000,0100 hit 
00010100110111   10111   11000,0100 hit 
00010100110111   11011   11000,0100 hit 
00010100110111   11111   11000,0100 hit 
00010100111000   00011   11000,0100 hit 
00010100110111   00111   11100,0100 hit 
00010100110111   01011   11100,0100 hit 
00010100110111   01111   11100,0100 hit 
00010100110111   10011   11100,0100 hit 
00010100110111   10111   11100,0100 hit 
00010100110111   11011   11100,0100 hit 
00010100110111   11111   11100,0100 hit 
00010100111000   00011   11100,0100 hit 
00010100110100   01000   00000,0100 miss eviction 
00010100110100   01100   00000,0100 miss eviction 
00010100110100   10000   00000,0100 miss eviction 
00010100110100   10100   00000,0100 miss eviction 
00010100110100   11000   00000,0100 miss eviction 
00010100110100   11100   00000,0100 miss eviction 
00010100110101   00000   00000,0100 miss eviction 
00010100110101   00100   00000,0100 miss eviction 
00010100110100   01000   00100,0100 hit 
00010100110100   01100   00100,0100 hit 
00010100110100   10000   00100,0100 hit 
00010100110100   10100   00100,0100 hit 
00010100110100   11000   00100,0100 hit 
00010100110100   11100   00100,0100 hit 
00010100110101   00000   00100,0100 hit 
00010100110101   00100   00100,0100 hit 
00010100110100   01000   01000,0100 hit 
00010100110100   01100   01000,0100 hit 
00010100110100   10000   01000,0100 hit 
00010100110100   10100   01000,0100 hit 
00010100110100   11000   01000,0100 hit 
00010100110100   11100   01000,0100 hit 
00010100110101   00000   01000,0100 hit 
00010100110101   00100   01000,0100 hit 
00010100110100   01000   01100,0100 hit 
00010100110100   01100   01100,0100 hit 
00010100110100   10000   01100,0100 hit 
00010100110100   10100   01100,0100 hit 
00010100110100   11000   01100,0100 hit 
00010100110100   11100   01100,0100 hit 
00010100110101   00000   01100,0100 hit 
00010100110101   00100   01100,0100 hit 
00010100110100   01000   10000,0100 hit 
00010100110100   01100   10000,0100 hit 
00010100110100   10000   10000,0100 hit 
00010100110100   10100   10000,0100 hit 
00010100110100   11000   10000,0100 hit 
00010100110100   11100   10000,0100 hit 
00010100110101   00000   10000,0100 hit 
00010100110101   00100   10000,0100 hit 
00010100110100   01000   10100,0100 hit 
00010100110100   01100   10100,0100 hit 
00010100110100   10000   10100,0100 hit 
00010100110100   10100   10100,0100 hit 
00010100110100   11000   10100,0100 hit 
00010100110100   11100   10100,0100 hit 
00010100110101   00000   10100,0100 hit 
00010100110101   00100   10100,0100 hit 
00010100110100   01000   11000,0100 hit 
00010100110100   01100   11000,0100 hit 
00010100110100   10000   11000,0100 hit 
00010100110100   10100   11000,0100 hit 
00010100110100   11000   11000,0100 hit 
00010100110100   11100   11000,0100 hit 
00010100110101   00000   11000,0100 hit 
00010100110101   00100   11000,0100 hit 
00010100110100   01000   11100,0100 hit 
00010100110100   01100   11100,0100 hit 
00010100110100   10000   11100,0100 hit 
00010100110100   10100   11100,0100 hit 
00010100110100   11000   11100,0100 hit 
00010100110100   11100   11100,0100 hit 
00010100110101   00000   11100,0100 hit 
00010100110101   00100   11100,0100 hit 
00010100110101   01000   00000,0100 miss eviction 
00010100110101   01100   00000,0100 miss eviction 
00010100110101   10000   00000,0100 miss eviction 
00010100110101   10100   00000,0100 miss eviction 
00010100110101   11000   00000,0100 miss eviction 
00010100110101   11100   00000,0100 miss eviction 
00010100110110   00000   00000,0100 miss eviction 
00010100110110   00100   00000,0100 miss eviction 
00010100110101   01000   00100,0100 hit 
00010100110101   01100   00100,0100 hit 
00010100110101   10000   00100,0100 hit 
00010100110101   10100   00100,0100 hit 
00010100110101   11000   00100,0100 hit 
00010100110101   11100   00100,0100 hit 
00010100110110   00000   00100,0100 hit 
00010100110110   00100   00100,0100 hit 
00010100110101   01000   01000,0100 hit 
00010100110101   01100   01000,0100 hit 
00010100110101   10000   01000,0100 hit 
00010100110101   10100   01000,0100 hit 
00010100110101   11000   01000,0100 hit 
00010100110101   11100   01000,0100 hit 
00010100110110   00000   01000,0100 hit 
00010100110110   00100   01000,0100 hit 
00010100110101   01000   01100,0100 hit 
00010100110101   01100   01100,0100 hit 
00010100110101   10000   01100,0100 hit 
00010100110101   10100   01100,0100 hit 
00010100110101   11000   01100,0100 hit 
00010100110101   11100   01100,0100 hit 
00010100110110   00000   01100,0100 hit 
00010100110110   00100   01100,0100 hit 
00010100110101   01000   10000,0100 hit 
00010100110101   01100   10000,0100 hit 
00010100110101   10000   10000,0100 hit 
00010100110101   10100   10000,0100 hit 
00010100110101   11000   10000,0100 hit 
00010100110101   11100   10000,0100 hit 
00010100110110   00000   10000,0100 hit 
00010100110110   00100   10000,0100 hit 
00010100110101   01000   10100,0100 hit 
00010100110101   01100   10100,0100 hit 
00010100110101   10000   10100,0100 hit 
00010100110101   10100   10100,0100 hit 
00010100110101   11000   10100,0100 hit 
00010100110101   11100   10100,0100 hit 
00010100110110   00000   10100,0100 hit 
00010100110110   00100   10100,0100 hit 
00010100110101   01000   11000,0100 hit 
00010100110101   01100   11000,0100 hit 
00010100110101   10000   11000,0100 hit 
00010100110101   10100   11000,0100 hit 
00010100110101   11000   11000,0100 hit 
00010100110101   11100   11000,0100 hit 
00010100110110   00000   11000,0100 hit 
00010100110110   00100   11000,0100 hit 
00010100110101   01000   11100,0100 hit 
00010100110101   01100   11100,0100 hit 
00010100110101   10000   11100,0100 hit 
00010100110101   10100   11100,0100 hit 
00010100110101   11000   11100,0100 hit 
00010100110101   11100   11100,0100 hit 
00010100110110   00000   11100,0100 hit 
00010100110110   00100   11100,0100 hit 
00010100110110   01000   00000,0100 miss eviction 
00010100110110   01100   00000,0100 miss eviction 
00010100110110   10000   00000,0100 miss eviction 
00010100110110   10100   00000,0100 miss eviction 
00010100110110   11000   00000,0100 miss eviction 
00010100110110   11100   00000,0100 miss eviction 
00010100110111   00000   00000,0100 miss eviction 
00010100110111   00100   00000,0100 miss eviction 
00010100110110   01000   00100,0100 miss eviction 
00010100110110   01100   00100,0100 miss eviction 
00010100110110   10000   00100,0100 hit 
00010100110110   10100   00100,0100 hit 
00010100110110   11000   00100,0100 hit 
00010100110110   11100   00100,0100 hit 
00010100110111   00000   00100,0100 hit 
00010100110111   00100   00100,0100 hit 
00010100110110   01000   01000,0100 hit 
00010100110110   01100   01000,0100 miss eviction 
00010100110110   10000   01000,0100 miss eviction 
00010100110110   10100   01000,0100 hit 
00010100110110   11000   01000,0100 hit 
00010100110110   11100   01000,0100 hit 
00010100110111   00000   01000,0100 hit 
00010100110111   00100   01000,0100 hit 
00010100110110   01000   01100,0100 hit 
00010100110110   01100   01100,0100 hit 
00010100110110   10000   01100,0100 miss eviction 
00010100110110   10100   01100,0100 miss eviction 
00010100110110   11000   01100,0100 hit 
00010100110110   11100   01100,0100 hit 
00010100110111   00000   01100,0100 hit 
00010100110111   00100   01100,0100 hit 
00010100110110   01000   10000,0100 hit 
00010100110110   01100   10000,0100 hit 
00010100110110   10000   10000,0100 hit 
00010100110110   10100   10000,0100 miss eviction 
00010100110110   11000   10000,0100 miss eviction 
00010100110110   11100   10000,0100 hit 
00010100110111   00000   10000,0100 hit 
00010100110111   00100   10000,0100 hit 
00010100110110   01000   10100,0100 hit 
00010100110110   01100   10100,0100 hit 
00010100110110   10000   10100,0100 hit 
00010100110110   10100   10100,0100 hit 
00010100110110   11000   10100,0100 miss eviction 
00010100110110   11100   10100,0100 miss eviction 
00010100110111   00000   10100,0100 hit 
00010100110111   00100   10100,0100 hit 
00010100110110   01000   11000,0100 hit 
00010100110110   01100   11000,0100 hit 
00010100110110   10000   11000,0100 hit 
00010100110110   10100   11000,0100 hit 
00010100110110   11000   11000,0100 hit 
00010100110110   11100   11000,0100 miss eviction 
00010100110111   00000   11000,0100 miss eviction 
00010100110111   00100   11000,0100 hit 
00010100110110   01000   11100,0100 hit 
00010100110110   01100   11100,0100 hit 
00010100110110   10000   11100,0100 hit 
00010100110110   10100   11100,0100 hit 
00010100110110   11000   11100,0100 hit 
00010100110110   11100   11100,0100 hit 
00010100110111   00000   11100,0100 miss eviction 
00010100110111   00100   11100,0100 miss eviction 
00010100110111   01000   00000,0100 miss eviction 
00010100110111   01100   00000,0100 miss eviction 
00010100110111   10000   00000,0100 miss eviction 
00010100110111   10100   00000,0100 miss eviction 
00010100110111   11000   00000,0100 miss eviction 
00010100110111   11100   00000,0100 miss eviction 
00010100111000   00000   00000,0100 miss eviction 
00010100111000   00100   00000,0100 miss eviction 
00010100110111   01000   00100,0100 hit 
00010100110111   01100   00100,0100 hit 
00010100110111   10000   00100,0100 hit 
00010100110111   10100   00100,0100 hit 
00010100110111   11000   00100,0100 hit 
00010100110111   11100   00100,0100 hit 
00010100111000   00000   00100,0100 hit 
00010100111000   00100   00100,0100 hit 
00010100110111   01000   01000,0100 hit 
00010100110111   01100   01000,0100 hit 
00010100110111   10000   01000,0100 hit 
00010100110111   10100   01000,0100 hit 
00010100110111   11000   01000,0100 hit 
00010100110111   11100   01000,0100 hit 
00010100111000   00000   01000,0100 hit 
00010100111000   00100   01000,0100 hit 
00010100110111   01000   01100,0100 hit 
00010100110111   01100   01100,0100 hit 
00010100110111   10000   01100,0100 hit 
00010100110111   10100   01100,0100 hit 
00010100110111   11000   01100,0100 hit 
00010100110111   11100   01100,0100 hit 
00010100111000   00000   01100,0100 hit 
00010100111000   00100   01100,0100 hit 
00010100110111   01000   10000,0100 hit 
00010100110111   01100   10000,0100 hit 
00010100110111   10000   10000,0100 hit 
00010100110111   10100   10000,0100 hit 
00010100110111   11000   10000,0100 hit 
00010100110111   11100   10000,0100 hit 
00010100111000   00000   10000,0100 hit 
00010100111000   00100   10000,0100 hit 
00010100110111   01000   10100,0100 hit 
00010100110111   01100   10100,0100 hit 
00010100110111   10000   10100,0100 hit 
00010100110111   10100   10100,0100 hit 
00010100110111   11000   10100,0100 hit 
00010100110111   11100   10100,0100 hit 
00010100111000   00000   10100,0100 hit 
00010100111000   00100   10100,0100 hit 
00010100110111   01000   11000,0100 hit 
00010100110111   01100   11000,0100 hit 
00010100110111   10000   11000,0100 hit 
00010100110111   10100   11000,0100 hit 
00010100110111   11000   11000,0100 hit 
00010100110111   11100   11000,0100 hit 
00010100111000   00000   11000,0100 hit 
00010100111000   00100   11000,0100 hit 
00010100110111   01000   11100,0100 hit 
00010100110111   01100   11100,0100 hit 
00010100110111   10000   11100,0100 hit 
00010100110111   10100   11100,0100 hit 
00010100110111   11000   11100,0100 hit 
00010100110111   11100   11100,0100 hit 
00010100111000   00000   11100,0100 hit 
00010100111000   00100   11100,0100 hit 
00010100110100   01001   00000,0100 miss eviction 
00010100110100   01101   00000,0100 miss eviction 
00010100110100   10001   00000,0100 miss eviction 
00010100110100   10101   00000,0100 miss eviction 
00010100110100   11001   00000,0100 miss eviction 
00010100110100   11101   00000,0100 miss eviction 
00010100110101   00001   00000,0100 miss eviction 
00010100110101   00101   00000,0100 miss eviction 
00010100110100   01001   00100,0100 hit 
00010100110100   01101   00100,0100 hit 
00010100110100   10001   00100,0100 hit 
00010100110100   10101   00100,0100 hit 
00010100110100   11001   00100,0100 hit 
00010100110100   11101   00100,0100 hit 
00010100110101   00001   00100,0100 hit 
00010100110101   00101   00100,0100 hit 
00010100110100   01001   01000,0100 hit 
00010100110100   01101   01000,0100 hit 
00010100110100   10001   01000,0100 hit 
00010100110100   10101   01000,0100 hit 
00010100110100   11001   01000,0100 hit 
00010100110100   11101   01000,0100 hit 
00010100110101   00001   01000,0100 hit 
00010100110101   00101   01000,0100 hit 
00010100110100   01001   01100,0100 hit 
00010100110100   01101   01100,0100 hit 
00010100110100   10001   01100,0100 hit 
00010100110100   10101   01100,0100 hit 
00010100110100   11001   01100,0100 hit 
00010100110100   11101   01100,0100 hit 
00010100110101   00001   01100,0100 hit 
00010100110101   00101   01100,0100 hit 
00010100110100   01001   10000,0100 hit 
00010100110100   01101   10000,0100 hit 
00010100110100   10001   10000,0100 hit 
00010100110100   10101   10000,0100 hit 
00010100110100   11001   10000,0100 hit 
00010100110100   11101   10000,0100 hit 
00010100110101   00001   10000,0100 hit 
00010100110101   00101   10000,0100 hit 
00010100110100   01001   10100,0100 hit 
00010100110100   01101   10100,0100 hit 
00010100110100   10001   10100,0100 hit 
00010100110100   10101   10100,0100 hit 
00010100110100   11001   10100,0100 hit 
00010100110100   11101   10100,0100 hit 
00010100110101   00001   10100,0100 hit 
00010100110101   00101   10100,0100 hit 
00010100110100   01001   11000,0100 hit 
00010100110100   01101   11000,0100 hit 
00010100110100   10001   11000,0100 hit 
00010100110100   10101   11000,0100 hit 
00010100110100   11001   11000,0100 hit 
00010100110100   11101   11000,0100 hit 
00010100110101   00001   11000,0100 hit 
00010100110101   00101   11000,0100 hit 
00010100110100   01001   11100,0100 hit 
00010100110100   01101   11100,0100 hit 
00010100110100   10001   11100,0100 hit 
00010100110100   10101   11100,0100 hit 
00010100110100   11001   11100,0100 hit 
00010100110100   11101   11100,0100 hit 
00010100110101   00001   11100,0100 hit 
00010100110101   00101   11100,0100 hit 
00010100110101   01001   00000,0100 miss eviction 
00010100110101   01101   00000,0100 miss eviction 
00010100110101   10001   00000,0100 miss eviction 
00010100110101   10101   00000,0100 miss eviction 
00010100110101   11001   00000,0100 miss eviction 
00010100110101   11101   00000,0100 miss eviction 
00010100110110   00001   00000,0100 miss eviction 
00010100110110   00101   00000,0100 miss eviction 
00010100110101   01001   00100,0100 hit 
00010100110101   01101   00100,0100 hit 
00010100110101   10001   00100,0100 hit 
00010100110101   10101   00100,0100 hit 
00010100110101   11001   00100,0100 hit 
00010100110101   11101   00100,0100 hit 
00010100110110   00001   00100,0100 hit 
00010100110110   00101   00100,0100 hit 
00010100110101   01001   01000,0100 hit 
00010100110101   01101   01000,0100 hit 
00010100110101   10001   01000,0100 hit 
00010100110101   10101   01000,0100 hit 
00010100110101   11001   01000,0100 hit 
00010100110101   11101   01000,0100 hit 
00010100110110   00001   01000,0100 hit 
00010100110110   00101   01000,0100 hit 
00010100110101   01001   01100,0100 hit 
00010100110101   01101   01100,0100 hit 
00010100110101   10001   01100,0100 hit 
00010100110101   10101   01100,0100 hit 
00010100110101   11001   01100,0100 hit 
00010100110101   11101   01100,0100 hit 
00010100110110   00001   01100,0100 hit 
00010100110110   00101   01100,0100 hit 
00010100110101   01001   10000,0100 hit 
00010100110101   01101   10000,0100 hit 
00010100110101   10001   10000,0100 hit 
00010100110101   10101   10000,0100 hit 
00010100110101   11001   10000,0100 hit 
00010100110101   11101   10000,0100 hit 
00010100110110   00001   10000,0100 hit 
00010100110110   00101   10000,0100 hit 
00010100110101   01001   10100,0100 hit 
00010100110101   01101   10100,0100 hit 
00010100110101   10001   10100,0100 hit 
00010100110101   10101   10100,0100 hit 
00010100110101   11001   10100,0100 hit 
00010100110101   11101   10100,0100 hit 
00010100110110   00001   10100,0100 hit 
00010100110110   00101   10100,0100 hit 
00010100110101   01001   11000,0100 hit 
00010100110101   01101   11000,0100 hit 
00010100110101   10001   11000,0100 hit 
00010100110101   10101   11000,0100 hit 
00010100110101   11001   11000,0100 hit 
00010100110101   11101   11000,0100 hit 
00010100110110   00001   11000,0100 hit 
00010100110110   00101   11000,0100 hit 
00010100110101   01001   11100,0100 hit 
00010100110101   01101   11100,0100 hit 
00010100110101   10001   11100,0100 hit 
00010100110101   10101   11100,0100 hit 
00010100110101   11001   11100,0100 hit 
00010100110101   11101   11100,0100 hit 
00010100110110   00001   11100,0100 hit 
00010100110110   00101   11100,0100 hit 
00010100110110   01001   00000,0100 miss eviction 
00010100110110   01101   00000,0100 miss eviction 
00010100110110   10001   00000,0100 miss eviction 
00010100110110   10101   00000,0100 miss eviction 
00010100110110   11001   00000,0100 miss eviction 
00010100110110   11101   00000,0100 miss eviction 
00010100110111   00001   00000,0100 miss eviction 
00010100110111   00101   00000,0100 miss eviction 
00010100110110   01001   00100,0100 hit 
00010100110110   01101   00100,0100 hit 
00010100110110   10001   00100,0100 hit 
00010100110110   10101   00100,0100 hit 
00010100110110   11001   00100,0100 hit 
00010100110110   11101   00100,0100 hit 
00010100110111   00001   00100,0100 hit 
00010100110111   00101   00100,0100 hit 
00010100110110   01001   01000,0100 hit 
00010100110110   01101   01000,0100 hit 
00010100110110   10001   01000,0100 hit 
00010100110110   10101   01000,0100 hit 
00010100110110   11001   01000,0100 hit 
00010100110110   11101   01000,0100 hit 
00010100110111   00001   01000,0100 hit 
00010100110111   00101   01000,0100 hit 
00010100110110   01001   01100,0100 hit 
00010100110110   01101   01100,0100 hit 
00010100110110   10001   01100,0100 hit 
00010100110110   10101   01100,0100 hit 
00010100110110   11001   01100,0100 hit 
00010100110110   11101   01100,0100 hit 
00010100110111   00001   01100,0100 hit 
00010100110111   00101   01100,0100 hit 
00010100110110   01001   10000,0100 hit 
00010100110110   01101   10000,0100 hit 
00010100110110   10001   10000,0100 hit 
00010100110110   10101   10000,0100 hit 
00010100110110   11001   10000,0100 hit 
00010100110110   11101   10000,0100 hit 
00010100110111   00001   10000,0100 hit 
00010100110111   00101   10000,0100 hit 
00010100110110   01001   10100,0100 hit 
00010100110110   01101   10100,0100 hit 
00010100110110   10001   10100,0100 hit 
00010100110110   10101   10100,0100 hit 
00010100110110   11001   10100,0100 hit 
00010100110110   11101   10100,0100 hit 
00010100110111   00001   10100,0100 hit 
00010100110111   00101   10100,0100 hit 
00010100110110   01001   11000,0100 hit 
00010100110110   01101   11000,0100 hit 
00010100110110   10001   11000,0100 hit 
00010100110110   10101   11000,0100 hit 
00010100110110   11001   11000,0100 hit 
00010100110110   11101   11000,0100 hit 
00010100110111   00001   11000,0100 hit 
00010100110111   00101   11000,0100 hit 
00010100110110   01001   11100,0100 hit 
00010100110110   01101   11100,0100 hit 
00010100110110   10001   11100,0100 hit 
00010100110110   10101   11100,0100 hit 
00010100110110   11001   11100,0100 hit 
00010100110110   11101   11100,0100 hit 
00010100110111   00001   11100,0100 hit 
00010100110111   00101   11100,0100 hit 
00010100110111   01001   00000,0100 miss eviction 
00010100110111   01101   00000,0100 miss eviction 
00010100110111   10001   00000,0100 miss eviction 
00010100110111   10101   00000,0100 miss eviction 
00010100110111   11001   00000,0100 miss eviction 
00010100110111   11101   00000,0100 miss eviction 
00010100111000   00001   00000,0100 miss eviction 
00010100111000   00101   00000,0100 miss eviction 
00010100110111   01001   00100,0100 miss eviction 
00010100110111   01101   00100,0100 miss eviction 
00010100110111   10001   00100,0100 hit 
00010100110111   10101   00100,0100 hit 
00010100110111   11001   00100,0100 hit 
00010100110111   11101   00100,0100 hit 
00010100111000   00001   00100,0100 hit 
00010100111000   00101   00100,0100 hit 
00010100110111   01001   01000,0100 hit 
00010100110111   01101   01000,0100 miss eviction 
00010100110111   10001   01000,0100 miss eviction 
00010100110111   10101   01000,0100 hit 
00010100110111   11001   01000,0100 hit 
00010100110111   11101   01000,0100 hit 
00010100111000   00001   01000,0100 hit 
00010100111000   00101   01000,0100 hit 
00010100110111   01001   01100,0100 hit 
00010100110111   01101   01100,0100 hit 
00010100110111   10001   01100,0100 miss eviction 
00010100110111   10101   01100,0100 miss eviction 
00010100110111   11001   01100,0100 hit 
00010100110111   11101   01100,0100 hit 
00010100111000   00001   01100,0100 hit 
00010100111000   00101   01100,0100 hit 
00010100110111   01001   10000,0100 hit 
00010100110111   01101   10000,0100 hit 
00010100110111   10001   10000,0100 hit 
00010100110111   10101   10000,0100 miss eviction 
00010100110111   11001   10000,0100 miss eviction 
00010100110111   11101   10000,0100 hit 
00010100111000   00001   10000,0100 hit 
00010100111000   00101   10000,0100 hit 
00010100110111   01001   10100,0100 hit 
00010100110111   01101   10100,0100 hit 
00010100110111   10001   10100,0100 hit 
00010100110111   10101   10100,0100 hit 
00010100110111   11001   10100,0100 miss eviction 
00010100110111   11101   10100,0100 miss eviction 
00010100111000   00001   10100,0100 hit 
00010100111000   00101   10100,0100 hit 
00010100110111   01001   11000,0100 hit 
00010100110111   01101   11000,0100 hit 
00010100110111   10001   11000,0100 hit 
00010100110111   10101   11000,0100 hit 
00010100110111   11001   11000,0100 hit 
00010100110111   11101   11000,0100 miss eviction 
00010100111000   00001   11000,0100 miss eviction 
00010100111000   00101   11000,0100 hit 
00010100110111   01001   11100,0100 hit 
00010100110111   01101   11100,0100 hit 
00010100110111   10001   11100,0100 hit 
00010100110111   10101   11100,0100 hit 
00010100110111   11001   11100,0100 hit 
00010100110111   11101   11100,0100 hit 
00010100111000   00001   11100,0100 miss eviction 
00010100111000   00101   11100,0100 miss eviction 
   
   
   